# Created by Octave 3.6.4, Mon Nov 16 18:09:40 2015 Hora estándar romance <unknown@Jane>
# name: P2
# type: matrix
# rows: 6
# columns: 486
 -1.767766952966369 -1.767766952966369 -0.7071067811865475 -1.767766952966369 -1.767766952966369 -0.7071067811865477 1.767766952966368 1.767766952966368 0.7071067811865474 1.767766952966369 1.767766952966369 0.7071067811865477 2.767766952966368 2.767766952966369 2.767766952966368 2.767766952966369 3.767766952966368 3.767766952966369 3.767766952966368 3.767766952966369 4.767766952966369 4.767766952966369 4.767766952966369 4.767766952966369 5.767766952966369 5.767766952966369 5.767766952966369 5.767766952966369 8.292893218813452 8.292893218813452 10.76776695296637 10.76776695296637 9.707106781186548 10.76776695296637 10.76776695296637 9.707106781186548 -1.767766952966369 -1.767766952966369 -0.7071067811865475 -1.767766952966369 -1.767766952966369 -0.7071067811865477 1.767766952966368 1.767766952966368 0.7071067811865474 1.767766952966369 1.767766952966369 0.7071067811865477 2.767766952966368 2.767766952966369 2.767766952966368 2.767766952966369 3.767766952966368 3.767766952966369 3.767766952966368 3.767766952966369 4.767766952966369 4.767766952966369 4.767766952966369 4.767766952966369 5.767766952966369 5.767766952966369 5.767766952966369 5.767766952966369 8.292893218813452 8.292893218813452 10.76776695296637 10.76776695296637 9.707106781186548 10.76776695296637 10.76776695296637 9.707106781186548 -1.767766952966369 -1.767766952966369 -0.7071067811865475 -1.767766952966369 -1.767766952966369 -0.7071067811865477 1.767766952966368 1.767766952966368 0.7071067811865474 1.767766952966369 1.767766952966369 0.7071067811865477 2.767766952966368 2.767766952966369 2.767766952966368 2.767766952966369 3.767766952966368 3.767766952966369 3.767766952966368 3.767766952966369 4.767766952966369 4.767766952966369 4.767766952966369 4.767766952966369 5.767766952966369 5.767766952966369 5.767766952966369 5.767766952966369 8.292893218813452 8.292893218813452 10.76776695296637 10.76776695296637 9.707106781186548 10.76776695296637 10.76776695296637 9.707106781186548 -1.767766952966369 -1.767766952966369 -0.7071067811865475 -1.767766952966369 -1.767766952966369 -0.7071067811865477 1.767766952966368 1.767766952966368 0.7071067811865474 1.767766952966369 1.767766952966369 0.7071067811865477 2.767766952966368 2.767766952966369 2.767766952966368 2.767766952966369 3.767766952966368 3.767766952966369 3.767766952966368 3.767766952966369 4.767766952966369 4.767766952966369 4.767766952966369 4.767766952966369 5.767766952966369 5.767766952966369 5.767766952966369 5.767766952966369 8.292893218813452 8.292893218813452 10.76776695296637 10.76776695296637 9.707106781186548 10.76776695296637 10.76776695296637 9.707106781186548 -1.767766952966369 -1.237436867076458 -1.767766952966369 3.33066907387547e-016 -1.237436867076458 -1.767766952966369 3.33066907387547e-016 -0.7071067811865477 1.110223024625157e-016 -1.767766952966369 -1.237436867076458 -4.440892098500626e-016 -1.237436867076458 -4.440892098500626e-016 -1.665334536937735e-016 1.767766952966368 1.237436867076458 1.767766952966369 2.267766952966368 1.237436867076458 1.767766952966369 2.267766952966368 0.7071067811865475 1.767766952966369 1.237436867076458 2.267766952966369 1.237436867076458 2.267766952966369 2.767766952966369 2.767766952966368 3.267766952966368 2.767766952966369 3.267766952966369 2.767766952966369 3.267766952966368 3.267766952966369 3.767766952966369 3.767766952966368 4.267766952966369 3.767766952966369 4.267766952966369 3.767766952966369 4.267766952966369 4.267766952966369 4.767766952966369 4.767766952966369 5.267766952966369 4.767766952966369 5.267766952966369 4.767766952966369 5.267766952966369 5.267766952966369 5.767766952966369 5.767766952966369 7.030330085889911 8.267766952966369 5.767766952966369 7.030330085889911 8.267766952966369 5.767766952966369 7.030330085889911 8.267766952966369 7.030330085889911 8.267766952966369 8.292893218813452 9 9 10.76776695296637 10.23743686707646 10.76776695296637 10.23743686707646 10.76776695296637 9.707106781186548 10.76776695296637 10.23743686707646 10.23743686707646 -1.767766952966369 -1.237436867076458 -1.767766952966369 3.33066907387547e-016 -1.237436867076458 -1.767766952966369 3.33066907387547e-016 -0.7071067811865477 1.110223024625157e-016 -1.767766952966369 -1.237436867076458 -4.440892098500626e-016 -1.237436867076458 -4.440892098500626e-016 -1.665334536937735e-016 1.767766952966368 1.237436867076458 1.767766952966369 2.267766952966368 1.237436867076458 1.767766952966369 2.267766952966368 0.7071067811865475 1.767766952966369 1.237436867076458 2.267766952966369 1.237436867076458 2.267766952966369 2.767766952966369 2.767766952966368 3.267766952966368 2.767766952966369 3.267766952966369 2.767766952966369 3.267766952966368 3.267766952966369 3.767766952966369 3.767766952966368 4.267766952966369 3.767766952966369 4.267766952966369 3.767766952966369 4.267766952966369 4.267766952966369 4.767766952966369 4.767766952966369 5.267766952966369 4.767766952966369 5.267766952966369 4.767766952966369 5.267766952966369 5.267766952966369 5.767766952966369 5.767766952966369 7.030330085889911 8.267766952966369 5.767766952966369 7.030330085889911 8.267766952966369 5.767766952966369 7.030330085889911 8.267766952966369 7.030330085889911 8.267766952966369 8.292893218813452 9 9 10.76776695296637 10.23743686707646 10.76776695296637 10.23743686707646 10.76776695296637 9.707106781186548 10.76776695296637 10.23743686707646 10.23743686707646 -1.767766952966369 -1.237436867076458 -1.767766952966369 3.33066907387547e-016 -1.237436867076458 -1.767766952966369 3.33066907387547e-016 -0.7071067811865477 1.110223024625157e-016 -1.767766952966369 -1.237436867076458 -4.440892098500626e-016 -1.237436867076458 -4.440892098500626e-016 -1.665334536937735e-016 1.767766952966368 1.237436867076458 1.767766952966369 2.267766952966368 1.237436867076458 1.767766952966369 2.267766952966368 0.7071067811865475 1.767766952966369 1.237436867076458 2.267766952966369 1.237436867076458 2.267766952966369 2.767766952966369 2.767766952966368 3.267766952966368 2.767766952966369 3.267766952966369 2.767766952966369 3.267766952966368 3.267766952966369 3.767766952966369 3.767766952966368 4.267766952966369 3.767766952966369 4.267766952966369 3.767766952966369 4.267766952966369 4.267766952966369 4.767766952966369 4.767766952966369 5.267766952966369 4.767766952966369 5.267766952966369 4.767766952966369 5.267766952966369 5.267766952966369 5.767766952966369 5.767766952966369 7.030330085889911 8.267766952966369 5.767766952966369 7.030330085889911 8.267766952966369 5.767766952966369 7.030330085889911 8.267766952966369 7.030330085889911 8.267766952966369 8.292893218813452 9 9 10.76776695296637 10.23743686707646 10.76776695296637 10.23743686707646 10.76776695296637 9.707106781186548 10.76776695296637 10.23743686707646 10.23743686707646 -1.767766952966369 -1.237436867076458 -1.237436867076458 -4.440892098500626e-016 -3.191891195797325e-016 -3.33066907387547e-016 1.237436867076458 1.237436867076458 3.33066907387547e-016 2.220446049250313e-016 2.220446049250313e-016 2.267766952966369 2.267766952966369 2.267766952966369 2.267766952966369 3.267766952966369 3.267766952966369 3.267766952966369 3.267766952966369 4.267766952966369 4.267766952966369 4.267766952966369 4.267766952966369 5.267766952966369 5.267766952966369 5.267766952966369 5.267766952966369 7.030330085889911 7.030330085889911 8.267766952966369 8.633883476483184 8.633883476483184 10.76776695296637 10.23743686707646 10.23743686707646 8.267766952966369 8.633883476483184 8.633883476483184 -1.767766952966369 -1.237436867076458 -1.237436867076458 -4.440892098500626e-016 -3.191891195797325e-016 -3.33066907387547e-016 1.237436867076458 1.237436867076458 3.33066907387547e-016 2.220446049250313e-016 2.220446049250313e-016 2.267766952966369 2.267766952966369 2.267766952966369 2.267766952966368 3.267766952966369 3.267766952966369 3.267766952966369 